#: #: -*- coding: utf-8 -*-
#:encoding: utf-8
#:map: polar
#:date: fixed
#:
#
# OpenStreetMap data can be used freely under the terms of the 
# Creative Commons Attribution-ShareAlike 2.0 license.
# http://wiki.openstreetmap.org/wiki/OpenStreetMap_License
#
# Converted from openstreetmap data using osm2bbd v0.15 f682ee53f3051bb470292dcef65ae5036d8ad06d
#
# DO NOT EDIT THIS FILE! Edit the original openstreetmap data!
#
Lenbachstr. (10245)	N 13.46563,52.5047 13.46662,52.50542 13.46769,52.50622 13.46861,52.50694
Waldstr. (15732)	N 13.60525,52.37344 13.60618,52.3737 13.60747,52.37399 13.60759,52.37403 13.60934,52.37463 13.61008,52.37488 13.61099,52.37519 13.61211,52.37557 13.61231,52.37565 13.61236,52.37567 13.61245,52.3757 13.61249,52.37572 13.61281,52.37582 13.61311,52.37594 13.61439,52.37631 13.61525,52.37661 13.61702,52.37723 13.61944,52.37809 13.61983,52.37823 13.62116,52.37869 13.62122,52.37872 13.62189,52.37894 13.62281,52.37926 13.62372,52.37954 13.62566,52.38021 13.62772,52.38094 13.62855,52.38125
#: old_name: Waterbergstr.
Ursula-Goetze-Str. (10318)	N 13.53136,52.49264 13.53181,52.49585
Hönower Str. (10318)	N 13.52788,52.49042 13.52779,52.49033 13.52636,52.48919 13.52629,52.48915 13.5259,52.48912 13.52579,52.48911 13.52423,52.48901 13.52335,52.48896 13.52306,52.48894 13.52226,52.48889
Gundelfinger Str. (10318)	N 13.52392,52.48279 13.52449,52.4847 13.52523,52.48677 13.52562,52.48814 13.52567,52.48832 13.5259,52.48912
Frankfurter Allee (B 1;B 5) (10247)	HH 13.45423,52.5157 13.45686,52.51541 13.45742,52.51535 13.45774,52.51532 13.45982,52.51512 13.46012,52.51509
Seestr. (L 401)	H 13.63702,52.36923 13.63699,52.36915 13.63692,52.369 13.63665,52.36828 13.63616,52.36735 13.6357,52.36634 13.63555,52.36595 13.63548,52.36578 13.63543,52.36566 13.63534,52.36547 13.63511,52.36503 13.63493,52.3645 13.63483,52.36423 13.63453,52.36347
Goethestr. (L 401)	H 13.63202,52.35207 13.63197,52.35202 13.63192,52.35196 13.63177,52.35185 13.63108,52.35152 13.62963,52.35092 13.62934,52.35078 13.62874,52.35047 13.62852,52.35037
Miersdorfer Chaussee (L 402)	H 13.62233,52.34632 13.62213,52.34619 13.62162,52.34582 13.61978,52.34434 13.61913,52.34389 13.6185,52.34339 13.61809,52.34303 13.61766,52.34258 13.61688,52.34159 13.61687,52.34157 13.61674,52.34139 13.61668,52.34125 13.61665,52.34119 13.61659,52.34108 13.61646,52.34093 13.61627,52.34085
Am Wiesengrund (13158)	N 13.37261,52.59295 13.37347,52.59279 13.37527,52.59324
Hauptstr. (13158)	H 13.37285,52.59336 13.3728,52.59328 13.37261,52.59295 13.37227,52.59233 13.37226,52.59232 13.37106,52.59073 13.37088,52.59052 13.36993,52.58935
L 39	H 13.77954,52.31967 13.78024,52.31813 13.78028,52.31798 13.78034,52.31783 13.78046,52.31767 13.78079,52.31729
Richard-Sorge-Str. (L 401)	H 13.63348,52.31705 13.63336,52.31689 13.63326,52.31674 13.63298,52.31631 13.6326,52.31573 13.63249,52.31547 13.63238,52.31516 13.63231,52.31494 13.63227,52.31473 13.63227,52.31449 13.63227,52.31436 13.63228,52.31428 13.63231,52.31408 13.63235,52.31389 13.63243,52.31368 13.63252,52.31347 13.63259,52.3134 13.63276,52.31328 13.63299,52.31317 13.63312,52.31307 13.63318,52.31303
Grünauer Str.	N 13.61702,52.37723 13.61753,52.37668 13.61852,52.37556 13.61896,52.37506 13.61996,52.37396
	NN 13.61764,52.36687 13.61753,52.36713
Gosener Str. (15732)	N 13.62281,52.37926 13.62665,52.3786 13.63023,52.37803 13.63053,52.37795 13.6309,52.37792 13.63171,52.37783
Adlergestell (B 96a) (12439)	HH 13.51468,52.45311 13.51525,52.45274 13.51565,52.45244 13.5157,52.45241 13.51638,52.45193 13.51919,52.45022 13.51981,52.44981
Adlergestell (B 96a) (12527)	HH 13.56883,52.41842 13.56862,52.41857 13.56842,52.41868 13.56824,52.41875 13.56781,52.41891 13.56757,52.41898 13.56617,52.4193 13.56593,52.41936 13.56571,52.41942 13.5654,52.41953 13.56519,52.4196 13.56495,52.4197 13.56467,52.41983 13.56439,52.41996 13.56412,52.42012 13.56384,52.42028 13.56266,52.42109
Hoherlehmer Str. (K 6160)	NH 13.60972,52.33097 13.6097,52.33106 13.60961,52.3315 13.6094,52.33262 13.6093,52.33315 13.6092,52.33394 13.60898,52.33522 13.60889,52.33571 13.60885,52.3359 13.60856,52.33757 13.60855,52.33772 13.60858,52.33789 13.60862,52.33816 13.60865,52.33836 13.60885,52.33963
Dorfstr. (L 402)	H 13.61598,52.34081 13.61554,52.34084 13.61513,52.34094 13.61444,52.34103 13.61412,52.34103 13.61393,52.34104 13.61335,52.34095 13.61275,52.34087 13.61249,52.34082
L 39	H 13.79332,52.28323 13.79319,52.28201 13.79318,52.2819 13.79309,52.28112 13.79311,52.28006 13.79411,52.27767 13.79506,52.27496 13.79508,52.2749 13.79764,52.26722 13.7983,52.26457 13.79832,52.26449 13.79888,52.26268
Köpenicker Str. (L 39)	H 13.79,52.30058 13.78996,52.29995 13.78992,52.29976 13.7899,52.29969 13.78983,52.29951 13.7896,52.29914 13.78921,52.29872 13.78915,52.29863 13.78912,52.29854 13.7891,52.29844 13.78911,52.29834
Kastanienweg	N 13.53957,52.26085 13.54213,52.26163 13.54359,52.26213 13.54453,52.26249 13.5477,52.26355 13.54895,52.26396
Cottbuser Str. (B 179; L 40)	HH 13.62459,52.29646 13.6246,52.29642 13.62468,52.29619 13.6248,52.29591
Friedrich-Engels-Str.	N 13.62894,52.2952 13.6288,52.29469 13.62831,52.29286
#: old_name: Friedenstr.
Erich Kästner Str.	N 13.62233,52.29396 13.62372,52.29327 13.62501,52.29265 13.62511,52.29265 13.62653,52.29292
Heinrich-Heine-Str.	N 13.61942,52.29005 13.6202,52.2898 13.62103,52.2895 13.62154,52.28931 13.62211,52.2891 13.62258,52.28892 13.62431,52.28844 13.62589,52.28801 13.62607,52.28799 13.62628,52.28801 13.62649,52.28804 13.62668,52.28809 13.62685,52.28818 13.62699,52.28831 13.62762,52.2889
Friedrich-Engels-Str. (L 231)	H 13.78812,52.42336 13.78854,52.42419 13.78881,52.42466 13.78914,52.42487 13.78973,52.42503 13.79384,52.42576 13.79438,52.42582 13.79623,52.42574 13.80087,52.42542
Olympische Str. (14052)	H 13.24936,52.51534 13.24967,52.51549 13.24989,52.51555 13.25026,52.51562
Jafféstr. (14052)	H 13.26151,52.5077 13.26178,52.50757 13.26231,52.50732 13.26262,52.50718 13.26294,52.50701 13.26335,52.50676 13.26364,52.50656 13.2639,52.50634 13.26418,52.50606 13.26444,52.50577 13.2646,52.50554 13.26475,52.5053
Bernauer Str. (B 2)	HH 13.53838,52.61571 13.53848,52.61581
Scharnweberstr. (13405)	HH 13.33359,52.56094 13.33336,52.56107 13.33329,52.5611
Breitscheidstr.	N 13.46337,52.74667 13.46151,52.74738 13.45858,52.7485 13.45787,52.74891 13.45608,52.74996 13.455,52.7512 13.45398,52.75245 13.45332,52.75297 13.45273,52.75323 13.45066,52.75288
Köpenicker Landstr. (B 96a) (12437)	HH 13.49509,52.46669 13.49448,52.46711 13.49384,52.46753 13.49328,52.46791 13.49141,52.46916 13.49092,52.46949 13.49028,52.46992 13.48931,52.47057 13.48915,52.47067
Alt-Reinickendorf (13407)	N 13.34777,52.57585 13.34797,52.57582 13.34884,52.5756 13.34933,52.57549 13.34982,52.57537
Schloßplatz (B 2;B 5) (10178)	HH 13.40197,52.51868 13.40101,52.51831
Segelfliegerdamm	NH 13.68065,52.29717 13.68067,52.29779 13.68064,52.29786 13.68049,52.29807 13.68026,52.2984 13.67934,52.30016 13.67826,52.30224 13.67809,52.30257 13.678,52.30268 13.67783,52.30282 13.67763,52.30296 13.6755,52.30443 13.67531,52.30461 13.67468,52.30556 13.67353,52.30729 13.67225,52.30917 13.67213,52.30931 13.67199,52.30945 13.67183,52.30957 13.67166,52.3097 13.67148,52.30979 13.67128,52.30987 13.67109,52.30995 13.67087,52.31004 13.67062,52.31011 13.67037,52.31017 13.6701,52.31021 13.66982,52.31024 13.66941,52.31025 13.66897,52.31023 13.66816,52.31016 13.66741,52.31006 13.66674,52.31001 13.66647,52.31 13.66619,52.31002 13.66592,52.31003 13.6657,52.31007 13.66551,52.31011 13.66534,52.31015 13.66512,52.31021 13.66491,52.3103 13.6647,52.31038 13.66454,52.31047 13.66437,52.31058 13.66421,52.31068 13.66409,52.31077 13.66405,52.31081 13.66392,52.31094 13.6638,52.31107 13.66352,52.31163
Barkenhof (14163)	N 13.21978,52.42423 13.22017,52.42344
Kienhorststr. (13403)	N 13.31309,52.57482 13.3144,52.57466 13.31577,52.57447 13.31696,52.57431 13.31705,52.57431 13.31868,52.57406 13.31999,52.574 13.32037,52.57398 13.32129,52.57393 13.32198,52.5739 13.32307,52.57386 13.32494,52.5738 13.32621,52.57374 13.32697,52.57371 13.32708,52.5737 13.32845,52.57363 13.33136,52.57348 13.33151,52.57348 13.33168,52.57347 13.33199,52.57346 13.33224,52.57345 13.33473,52.57334
#: old_name: Jafféstr.
 (14055)	H 13.27351,52.49987 13.2734,52.49993 13.27286,52.5002 13.27227,52.50049
Rhinstr. (L 1055) (12681)	H 13.51921,52.51444 13.5193,52.51651 13.51931,52.51674 13.5194,52.51809 13.51943,52.51858 13.51946,52.51897 13.51959,52.52095 13.51959,52.52103 13.51986,52.52389 13.51985,52.52477 13.51985,52.52482 13.51984,52.52531 13.5198,52.52569 13.51979,52.52582
Lindauer Allee (B 96) (13407)	HH 13.35902,52.57341 13.35798,52.57341 13.35751,52.57342 13.35703,52.57345 13.35489,52.57361 13.35273,52.57376 13.35237,52.57379 13.35217,52.5738
Wiesenschlag (14129)	N 13.21775,52.428 13.21785,52.42785 13.21798,52.42762 13.2182,52.42727
Schöneicher Str. (L 338)	H 13.70944,52.51762 13.70894,52.51629 13.70845,52.51554 13.70843,52.51549 13.70783,52.51423 13.70773,52.5139 13.70758,52.51341
Alt-Reinickendorf (13407)	N 13.34982,52.57537 13.3511,52.57508 13.35219,52.57479 13.35224,52.57477 13.35233,52.57476 13.35262,52.57472 13.35281,52.57471 13.3529,52.57473 13.35318,52.57477 13.35371,52.57476 13.3543,52.57474 13.3549,52.57467 13.35517,52.57464 13.35621,52.57455 13.35676,52.57451 13.35701,52.57449
	N 13.56069,52.37451 13.56101,52.3749 13.56179,52.37645 13.562,52.37668 13.56209,52.37678 13.56218,52.37686 13.56222,52.37691 13.56225,52.37701 13.56236,52.3774 13.56257,52.3781 13.56286,52.37914 13.56273,52.3793 13.56272,52.37947 13.56272,52.3803 13.56273,52.38052
Hosemannstr. (10409)	H 13.43954,52.54773 13.43934,52.54753 13.43914,52.54733
Friedrichstr. (L 30) (15537)	H 13.751,52.42573 13.75123,52.42553 13.75188,52.42498
Niederlehmer Chaussee (L 30)	H 13.70081,52.36958 13.70085,52.36937 13.70085,52.36924 13.70085,52.36918 13.70084,52.36911 13.70084,52.36897 13.70084,52.36889 13.70076,52.36858 13.70074,52.36835 13.70055,52.36771 13.70052,52.36761 13.70044,52.36745 13.70032,52.36723 13.70002,52.36681 13.69964,52.36617 13.69949,52.36591 13.69909,52.36539 13.6988,52.36496 13.69853,52.36459 13.69832,52.36442 13.69812,52.36428 13.69714,52.36376 13.69666,52.36351 13.6966,52.36347 13.69643,52.36338 13.69564,52.36299 13.69528,52.3628 13.69489,52.36262 13.69422,52.36229 13.69351,52.362 13.69333,52.36195 13.69296,52.36184 13.69239,52.36166 13.69181,52.36147 13.6916,52.36139 13.69057,52.36111 13.69016,52.36101
Kastanienallee (10435)	N 13.412,52.54011 13.41146,52.54023
Petersstr.	N 13.73707,52.38763 13.73699,52.38771 13.73693,52.38777 13.73686,52.38786 13.73642,52.38831 13.73612,52.38859 13.73587,52.38878
Bürknerstr. (12047)	N 13.42801,52.4935 13.42548,52.49326 13.42333,52.49306 13.4222,52.49298
Halemweg (13627)	N 13.28704,52.54017 13.28689,52.53974 13.28678,52.53932 13.28671,52.53875 13.28676,52.53818 13.28676,52.53816
Messedamm (14055)	H 13.28021,52.50637 13.28017,52.50628 13.28002,52.50601
Heerstr. (B 2;B 5) (14055)	HH 13.26115,52.50868 13.26109,52.50867 13.261,52.50866 13.26009,52.50861 13.25933,52.50857
Str. des 17. Juni (B 2;B 5) (10623)	HH 13.32287,52.51239 13.32304,52.51248 13.32312,52.51252 13.32329,52.51259 13.32342,52.51263 13.3235,52.51264 13.32407,52.51269 13.32647,52.51284 13.32677,52.51286 13.32706,52.51288 13.3285,52.51297 13.32992,52.51306 13.32994,52.51306
An den Treptowers (B 96a) (12435)	HH 13.46233,52.49539 13.4623,52.49536 13.46225,52.49532 13.46078,52.49409 13.4606,52.49394
Scharnweberstr. (13405)	H 13.30641,52.56803 13.30741,52.56801 13.30926,52.56797 13.31041,52.56795 13.31056,52.56794
Mehringdamm (B 96) (10961)	HH 13.38936,52.49596 13.38937,52.49592 13.38941,52.49567 13.38945,52.49549 13.38937,52.49532 13.38928,52.49515 13.38916,52.49498 13.38871,52.49443 13.3883,52.49394 13.38785,52.4933 13.38764,52.49305
Bulgarische Str. (B 96a) (12435)	HH 13.4734,52.4813 13.47335,52.48137 13.47332,52.48144 13.47334,52.48153 13.47338,52.48162
Bernauer Chaussee	N 13.47864,52.74055 13.47856,52.74065 13.47851,52.74074 13.47817,52.74135 13.47777,52.74188 13.4772,52.74231 13.47651,52.74266 13.47606,52.74287 13.47351,52.74357 13.47337,52.74361
Roedernallee (B 96) (13437)	HH 13.33395,52.59364 13.33339,52.59413
Wernsdorfer Str. (L 30)	H 13.73707,52.38763 13.73803,52.38791 13.7389,52.38809 13.73937,52.38819 13.73987,52.38827 13.7402,52.3883 13.74094,52.38835 13.74111,52.38837 13.74126,52.3884 13.74142,52.38847 13.74153,52.38855 13.74157,52.38858 13.74165,52.38865
Spreebordstr. (L 30)	H 13.74165,52.38865 13.7418,52.38878 13.74188,52.38888 13.74203,52.38905 13.74256,52.3898 13.74259,52.38985 13.74307,52.39065 13.74329,52.39106 13.74334,52.39122 13.74335,52.39134 13.74336,52.39145 13.74338,52.39168 13.74344,52.39179 13.74351,52.39187 13.74362,52.39194 13.74391,52.39207
Warschauer Str. (B 96a) (10243)	HH 13.45026,52.50751 13.4504,52.50761 13.45051,52.50774 13.45074,52.50808 13.45099,52.50848 13.45103,52.50856
Heilmannring (13627)	N 13.2794,52.53809 13.27948,52.53758 13.27949,52.53739 13.2795,52.53694 13.27951,52.53686
Reichsstr. (14052)	H 13.2515,52.52202 13.25181,52.52175 13.25217,52.52157 13.25316,52.52124 13.25443,52.52084 13.25457,52.52077 13.25477,52.52064 13.25592,52.51976
Alt-Friedrichsfelde (B 1;B 5) (10315)	HH 13.51964,52.50956 13.52069,52.50954 13.52227,52.5096 13.52335,52.50969 13.52489,52.50988
Wisbyer Str. (10409)	H 13.42999,52.55104 13.43023,52.55095
Masurenallee (14057)	H 13.27264,52.50884 13.27277,52.50881 13.27287,52.50878 13.27306,52.50868 13.27339,52.50853
Kesperhof (14163)	N 13.22209,52.42474 13.22256,52.42401
Humboldtstr. (13407)	NH 13.346,52.57466 13.34595,52.57455
Heckerdamm (13627)	NH 13.29535,52.53962 13.29529,52.53962
Schlehdornsteig (14129)	N 13.21572,52.42591 13.21801,52.42648
Alt-Friedrichsfelde (10315)	H 13.51744,52.50991 13.51632,52.51001 13.51582,52.51005 13.515,52.51012 13.51463,52.51015 13.5131,52.51026 13.51272,52.51028
Schloßstr. (B 179; L 40)	HH 13.62443,52.29928 13.62448,52.2992 13.62451,52.29909 13.62448,52.2987 13.62448,52.29858 13.62447,52.29846 13.62448,52.2984 13.62449,52.29829 13.62456,52.29815 13.62463,52.29797 13.62467,52.29788 13.62471,52.29779 13.62473,52.29771
Kinzigstr. (10247)	N 13.46613,52.5145 13.46566,52.51278 13.46407,52.51105
B 109 (10409)	HH 13.43011,52.55135 13.42999,52.55104
Quastheide (14163)	N 13.21846,52.42408 13.21905,52.42311
Rhinstr. (L 1055) (10315)	H 13.51888,52.51388 13.51888,52.51362 13.51888,52.51344
	N 13.6163,52.29292 13.61688,52.29266
Zeuthener Str. (L 401) (15732)	H 13.63702,52.36923 13.63714,52.36948 13.63815,52.37087 13.63828,52.37107 13.63834,52.37118 13.63842,52.3713 13.6385,52.37144 13.63984,52.37362 13.64042,52.37443 13.64127,52.37565 13.64165,52.3761 13.64169,52.37614 13.64187,52.37636 13.64272,52.3773
Letterhausweg (13627)	N 13.28286,52.53512 13.28256,52.53422 13.28247,52.534 13.28243,52.5339
