-1037,15482 13023,2093
-1989,18378 -4744,1466
-2052,20120 7389,8837
-238,12879 3585,16252
-2857,13854 -3625,11529
-3892,13960 -7536,15978
-4112,14242 -1872,24336
-7984,-1899 3140,1411
-8606,6978 6879,18737
10006,9942 2114,7742
10022,16237 10654,17091
10060,21916 10881,15047
10130,15647 14635,13725
10150,2006 9884,8265
10198,9405 7296,5872
10350,13376 5783,9060
10402,14835 14573,23295
10409,18551 17479,13434
10425,971 -927,6888
10458,16509 13100,13803
10480,13871 5542,11075
10487,13928 4450,20388
10512,12039 3034,12502
10550,15610 9310,18108
10564,9292 16377,14952
10571,15933 9410,18021
10575,15968 9310,18108
10586,-220 9884,8265
10593,16037 7595,11086
10709,9192 5346,7860
10713,9260 9212,13471
1080,1637 17879,8773
10800,5203 10306,9640
1086,5491 1304,537
10908,17142 8384,10507
10927,17022 -2504,22626
11023,9597 28958,3273
11073,17526 8780,9968
1108,2321 2909,5674
11160,13492 10496,18704
11330,-91 7001,8161
11337,14946 9155,11283
11389,13887 6318,1484
11456,6103 10306,9640
11463,10642 5358,6725
11472,7899 -580,3912
11509,9392 -1118,3356
11516,7654 14710,11626
11532,8104 3874,10153
11650,6157 13648,7284
11652,6879 21202,727
11694,16034 -1073,16610
11696,18454 11064,12910
11735,10022 8962,19798
11767,8330 6851,11346
11768,3950 17490,89
11801,15132 8119,12414
11831,8989 5065,9418
11879,7720 6851,11346
11893,11074 5902,12568
11897,9754 -8197,15622
11912,14486 24713,12655
11958,11045 7579,10183
11967,15700 13345,7900
12000,10531 12077,14186
12028,12519 24175,11265
12063,8826 4423,6477
12077,14186 7602,17399
12190,19009 17902,15039
12207,1704 4261,1584
12216,8323 23038,12706
12228,14404 1557,19765
12259,7164 9753,9252
12310,11682 3546,16143
12317,7007 11331,14350
12335,14246 24826,10597
12341,10218 10975,16010
12357,16696 11346,9655
12368,8356 7828,11133
12382,13097 10825,18634
12467,22147 1967,7561
12598,8390 14523,1847
12608,10294 12564,4308
12822,10487 14988,11130
12851,9309 12396,25478
12897,9365 9179,5398
12905,10143 6333,5819
12910,18584 17902,15039
13051,7157 20653,7289
13057,17120 10600,20839
13273,12902 8548,11571
13274,8945 8140,15859
13283,10069 10020,11262
13467,11778 16669,14438
13606,9578 23955,728
13651,11731 8742,15298
13661,9069 22608,5732
13717,5175 13779,10642
13785,12292 9535,13801
13798,13003 25676,1508
